
Round: 0
00000000
00000000
00000000
00000000
00000000
00000000
00000000
00000000

Valid moves for 1:
3, 3
3, 4
4, 3
4, 4

Player 1: 4, 4

After move by Player 1
00000000
00000000
00000000
00001000
00000000
00000000
00000000
00000000


Round: 1
00000000
00000000
00000000
00001000
00000000
00000000
00000000
00000000

Valid moves for 2:
3, 3
3, 4
4, 3

Player 2: 4, 3

After move by Player 2
00000000
00000000
00000000
00021000
00000000
00000000
00000000
00000000


Round: 2
00000000
00000000
00000000
00021000
00000000
00000000
00000000
00000000

Valid moves for 1:
3, 3
3, 4

Player 1: 3, 4

After move by Player 1
00000000
00000000
00000000
00021000
00001000
00000000
00000000
00000000


Round: 3
00000000
00000000
00000000
00021000
00001000
00000000
00000000
00000000

Valid moves for 2:
3, 3

Player 2: 3, 3

After move by Player 2
00000000
00000000
00000000
00021000
00021000
00000000
00000000
00000000


Round: 4
00000000
00000000
00000000
00021000
00021000
00000000
00000000
00000000

Valid moves for 1:
2, 2
3, 2
4, 2
5, 2

Player 1: 3, 2

After move by Player 1
00000000
00000000
00000000
00021000
00111000
00000000
00000000
00000000


Round: 5
00000000
00000000
00000000
00021000
00111000
00000000
00000000
00000000

Valid moves for 2:
2, 1
2, 3
2, 5
4, 5

Player 2: 2, 5

After move by Player 2
00000000
00000000
00000000
00021000
00112000
00000200
00000000
00000000


Round: 6
00000000
00000000
00000000
00021000
00112000
00000200
00000000
00000000

Valid moves for 1:
2, 4
3, 5
4, 2
5, 3
5, 4

Player 1: 4, 2

After move by Player 1
00000000
00000000
00000000
00111000
00112000
00000200
00000000
00000000


Round: 7
00000000
00000000
00000000
00111000
00112000
00000200
00000000
00000000

Valid moves for 2:
3, 1
5, 2
5, 4

Player 2: 3, 1

After move by Player 2
00000000
00000000
00000000
00111000
02222000
00000200
00000000
00000000


Round: 8
00000000
00000000
00000000
00111000
02222000
00000200
00000000
00000000

Valid moves for 1:
1, 6
2, 0
2, 1
2, 2
2, 3
2, 4

Player 1: 2, 4

After move by Player 1
00000000
00000000
00000000
00111000
02211000
00001200
00000000
00000000


Round: 9
00000000
00000000
00000000
00111000
02211000
00001200
00000000
00000000

Valid moves for 2:
2, 3
3, 5
5, 2
5, 3
5, 4

Player 2: 3, 5

After move by Player 2
00000000
00000000
00000000
00111000
02222200
00001200
00000000
00000000


Round: 10
00000000
00000000
00000000
00111000
02222200
00001200
00000000
00000000

Valid moves for 1:
1, 6
2, 0
2, 1
2, 2
2, 3
2, 6
4, 6

Player 1: 2, 3

After move by Player 1
00000000
00000000
00000000
00111000
02212200
00011200
00000000
00000000


Round: 11
00000000
00000000
00000000
00111000
02212200
00011200
00000000
00000000

Valid moves for 2:
1, 2
1, 3
1, 4
2, 2
5, 2
5, 3
5, 4

Player 2: 1, 4

After move by Player 2
00000000
00000000
00000000
00111000
02212200
00022200
00002000
00000000


Round: 12
00000000
00000000
00000000
00111000
02212200
00022200
00002000
00000000

Valid moves for 1:
0, 4
1, 3
1, 5
1, 6
2, 0
2, 1
2, 2
2, 6
3, 0
3, 6

Player 1: 2, 2

After move by Player 1
00000000
00000000
00000000
00111000
02112200
00122200
00002000
00000000


Round: 13
00000000
00000000
00000000
00111000
02112200
00122200
00002000
00000000

Valid moves for 2:
1, 3
2, 1
4, 1
5, 1
5, 2
5, 3
5, 4

Player 2: 5, 4

After move by Player 2
00000000
00000000
00002000
00112000
02112200
00122200
00002000
00000000


Round: 14
00000000
00000000
00002000
00112000
02112200
00122200
00002000
00000000

Valid moves for 1:
0, 5
1, 3
1, 5
1, 6
2, 0
2, 6
3, 0
3, 6
4, 0
4, 5
5, 5
6, 5

Player 1: 3, 6

After move by Player 1
00000000
00000000
00002000
00112000
02111110
00122200
00002000
00000000


Round: 15
00000000
00000000
00002000
00112000
02111110
00122200
00002000
00000000

Valid moves for 2:
1, 1
1, 3
2, 1
2, 6
3, 7
4, 1
4, 5
4, 6
4, 7
5, 1
5, 2
5, 3

Player 2: 4, 1

After move by Player 2
00000000
00000000
00002000
02222000
02211110
00122200
00002000
00000000


Round: 16
00000000
00000000
00002000
02222000
02211110
00122200
00002000
00000000

Valid moves for 1:
0, 3
0, 4
1, 2
1, 3
1, 5
1, 6
2, 6
3, 0
4, 0
5, 1
5, 2
5, 3
5, 5
6, 4

Player 1: 3, 0

After move by Player 1
00000000
00000000
00002000
02222000
11111110
00122200
00002000
00000000


Round: 17
00000000
00000000
00002000
02222000
11111110
00122200
00002000
00000000

Valid moves for 2:
1, 1
1, 2
2, 0
2, 1
2, 6
4, 5
4, 6
4, 7

Player 2: 4, 7

After move by Player 2
00000000
00000000
00002000
02222002
11111120
00122200
00002000
00000000


Round: 18
00000000
00000000
00002000
02222002
11111120
00122200
00002000
00000000

Valid moves for 1:
0, 4
0, 5
1, 2
1, 3
1, 5
1, 6
2, 6
3, 7
5, 0
5, 1
5, 2
5, 3
5, 5
6, 4
6, 5

Player 1: 6, 4

After move by Player 1
00000000
00001000
00001000
02221002
11111120
00122200
00002000
00000000


Round: 19
00000000
00001000
00001000
02221002
11111120
00122200
00002000
00000000

Valid moves for 2:
1, 2
2, 0
2, 1
4, 5
4, 6
6, 5
7, 4

Player 2: 2, 0

After move by Player 2
00000000
00001000
00001000
02221002
12111120
20122200
00002000
00000000


Round: 20
00000000
00001000
00001000
02221002
12111120
20122200
00002000
00000000

Valid moves for 1:
0, 4
0, 5
1, 0
1, 2
1, 3
1, 5
1, 6
2, 6
3, 7
4, 0
5, 0
5, 1
5, 2
5, 3

Player 1: 4, 0

After move by Player 1
00000000
00001000
00001000
11111002
11111120
20122200
00002000
00000000


Round: 21
00000000
00001000
00001000
11111002
11111120
20122200
00002000
00000000

Valid moves for 2:
2, 1
4, 5
4, 6
5, 0
5, 1
5, 2
5, 3
7, 4

Player 2: 4, 6

After move by Player 2
00000000
00001000
00001000
11111022
11111220
20122200
00002000
00000000


Round: 22
00000000
00001000
00001000
11111022
11111220
20122200
00002000
00000000

Valid moves for 1:
0, 4
0, 5
1, 0
1, 2
1, 3
1, 5
1, 6
2, 6
3, 7

Player 1: 3, 7

After move by Player 1
00000000
00001000
00001000
11111022
11111111
20122200
00002000
00000000


Round: 23
00000000
00001000
00001000
11111022
11111111
20122200
00002000
00000000

Valid moves for 2:
2, 1
2, 6
2, 7
4, 5
5, 0
5, 1
5, 2
5, 3
7, 4

Player 2: 5, 0

After move by Player 2
00000000
00001000
20001000
22111022
21211111
20122200
00002000
00000000


Round: 24
00000000
00001000
20001000
22111022
21211111
20122200
00002000
00000000

Valid moves for 1:
0, 3
0, 4
1, 2
1, 3
1, 5
1, 6
2, 1
2, 6
5, 1
5, 5
5, 6
5, 7

Player 1: 0, 4

After move by Player 1
00000000
00001000
20001000
22111022
21211111
20121200
00001000
00001000


Round: 25
00000000
00001000
20001000
22111022
21211111
20121200
00001000
00001000

Valid moves for 2:
0, 3
0, 5
1, 2
1, 3
2, 1
2, 6
2, 7
4, 5
5, 2
5, 3
6, 5

Player 2: 2, 6

After move by Player 2
00000000
00001000
20001000
22111022
21211121
20121220
00001000
00001000


Round: 26
00000000
00001000
20001000
22111022
21211121
20121220
00001000
00001000

Valid moves for 1:
1, 2
1, 3
1, 5
1, 6
1, 7
2, 1
2, 7
5, 1
5, 5
5, 7

Player 1: 2, 7

After move by Player 1
00000000
00001000
20001000
22111022
21211121
20121111
00001000
00001000


Round: 27
00000000
00001000
20001000
22111022
21211121
20121111
00001000
00001000

Valid moves for 2:
0, 3
0, 5
1, 2
1, 3
1, 6
1, 7
2, 1
4, 5
5, 2
5, 3
6, 5

Player 2: 5, 3

After move by Player 2
00000000
00001000
20021000
22221022
22221121
20121111
00001000
00001000


Round: 28
00000000
00001000
20021000
22221022
22221121
20121111
00001000
00001000

Valid moves for 1:
1, 2
2, 1
4, 5
5, 1
5, 2
5, 5
5, 6
5, 7
6, 2

Player 1: 5, 2

After move by Player 1
00000000
00001000
20111000
22111022
22121121
20121111
00001000
00001000


Round: 29
00000000
00001000
20111000
22111022
22121121
20121111
00001000
00001000

Valid moves for 2:
0, 3
0, 5
1, 1
1, 3
1, 5
1, 6
1, 7
2, 1
4, 5
5, 1
5, 5
6, 3
7, 5

Player 2: 1, 1

After move by Player 2
00000000
00001000
20111000
22111022
22121121
20221111
02001000
00001000


Round: 30
00000000
00001000
20111000
22111022
22121121
20221111
02001000
00001000

Valid moves for 1:
0, 0
1, 2
1, 3
2, 1
4, 5
5, 5
5, 6
5, 7

Player 1: 1, 3

After move by Player 1
00000000
00001000
20111000
22111022
22111121
20211111
02011000
00001000


Round: 31
00000000
00001000
20111000
22111022
22111121
20211111
02011000
00001000

Valid moves for 2:
0, 2
0, 3
0, 5
1, 6
1, 7
4, 5
5, 5
6, 2
6, 3
7, 5

Player 2: 4, 5

After move by Player 2
00000000
00001000
20111000
22222222
22111121
20211111
02011000
00001000


Round: 32
00000000
00001000
20111000
22222222
22111121
20211111
02011000
00001000

Valid moves for 1:
0, 0
1, 2
2, 1
5, 1
5, 5
5, 6
5, 7

Player 1: 2, 1

After move by Player 1
00000000
00001000
20111000
22222222
22111121
21111111
02011000
00001000


Round: 33
00000000
00001000
20111000
22222222
22111121
21111111
02011000
00001000

Valid moves for 2:
0, 2
0, 3
0, 5
1, 0
1, 2
1, 5
1, 6
1, 7
6, 1
6, 2
6, 3
6, 5
7, 4
7, 5

Player 2: 0, 2

After move by Player 2
00000000
00001000
20111000
22222222
22111221
21112111
02021000
00201000


Round: 34
00000000
00001000
20111000
22222222
22111221
21112111
02021000
00201000

Valid moves for 1:
0, 0
0, 1
0, 3
1, 2
1, 5
5, 1
5, 5
5, 6
5, 7

Player 1: 5, 6

After move by Player 1
00000000
00001000
20111010
22222112
22111211
21112111
02021000
00201000


Round: 35
00000000
00001000
20111010
22222112
22111211
21112111
02021000
00201000

Valid moves for 2:
0, 3
0, 5
1, 0
1, 2
1, 5
1, 6
1, 7
5, 5
5, 7
6, 1
6, 2
6, 3
6, 5
7, 4
7, 5

Player 2: 1, 2

After move by Player 2
00000000
00001000
20111010
22222112
22211211
22212111
02221000
00201000


Round: 36
00000000
00001000
20111010
22222112
22211211
22212111
02221000
00201000

Valid moves for 1:
0, 0
0, 1
0, 3
1, 0
1, 5
5, 1
5, 5
5, 7

Player 1: 0, 0

After move by Player 1
00000000
00001000
20111010
22222112
22211211
22112111
01221000
10201000


Round: 37
00000000
00001000
20111010
22222112
22211211
22112111
01221000
10201000

Valid moves for 2:
0, 1
0, 3
0, 5
1, 0
1, 5
1, 6
1, 7
5, 5
5, 7
6, 1
6, 2
6, 3
6, 5
6, 7
7, 4
7, 5

Player 2: 6, 5

After move by Player 2
00000000
00001200
20112020
22222112
22211211
22112111
01221000
10201000


Round: 38
00000000
00001200
20112020
22222112
22211211
22112111
01221000
10201000

Valid moves for 1:
0, 1
0, 3
1, 5
5, 1
5, 5
5, 7
6, 3
6, 6
6, 7

Player 1: 5, 7

After move by Player 1
00000000
00001200
20112021
22222111
22211211
22112111
01221000
10201000


Round: 39
00000000
00001200
20112021
22222111
22211211
22112111
01221000
10201000

Valid moves for 2:
0, 1
0, 5
1, 0
1, 5
1, 6
1, 7
5, 1
5, 5
6, 1
6, 2
6, 3
7, 4
7, 5

Player 2: 5, 5

After move by Player 2
00000000
00001200
20112221
22222211
22211211
22112111
01221000
10201000


Round: 40
00000000
00001200
20112221
22222211
22211211
22112111
01221000
10201000

Valid moves for 1:
0, 1
0, 3
1, 5
5, 1
6, 3
6, 6
6, 7
7, 4
7, 5

Player 1: 7, 5

After move by Player 1
00000100
00001100
20112121
22222111
22211111
22112111
01221000
10201000


Round: 41
00000100
00001100
20112121
22222111
22211111
22112111
01221000
10201000

Valid moves for 2:
0, 1
0, 5
1, 0
1, 5
1, 6
1, 7
5, 1
6, 1
6, 2
6, 3
6, 6
7, 4
7, 6

Player 2: 0, 1

After move by Player 2
00000100
00001100
20112121
22222111
22211111
22112111
02221000
12201000


Round: 42
00000100
00001100
20112121
22222111
22211111
22112111
02221000
12201000

Valid moves for 1:
0, 3
1, 0
1, 5
5, 1
6, 3
6, 6
6, 7

Player 1: 1, 0

After move by Player 1
00000100
00001100
20111121
22212111
22111111
21112111
11111000
12201000


Round: 43
00000100
00001100
20111121
22212111
22111111
21112111
11111000
12201000

Valid moves for 2:
0, 3
0, 5
1, 6
1, 7
5, 1
6, 2
6, 3
6, 6
7, 4

Player 2: 6, 6

After move by Player 2
00000100
00001120
20111221
22212111
22111111
21112111
11111000
12201000


Round: 44
00000100
00001120
20111221
22212111
22111111
21112111
11111000
12201000

Valid moves for 1:
0, 3
1, 5
5, 1
6, 0
6, 7
7, 6
7, 7

Player 1: 7, 7

After move by Player 1
00000101
00001110
20111121
22211111
22111111
21112111
11111000
12201000


Round: 45
00000101
00001110
20111121
22211111
22111111
21112111
11111000
12201000

Valid moves for 2:
0, 3
0, 5
1, 6
5, 1
6, 2
6, 3
7, 4
7, 6

Player 2: 7, 6

After move by Player 2
00000121
00001120
20111121
22211111
22111111
21112111
11111000
12201000


Round: 46
00000121
00001120
20111121
22211111
22111111
21112111
11111000
12201000

Valid moves for 1:
0, 3
1, 5
5, 1
6, 0
6, 7

Player 1: 6, 0

After move by Player 1
00000121
10001120
10111121
12211111
12111111
11112111
11111000
12201000


Round: 47
00000121
10001120
10111121
12211111
12111111
11112111
11111000
12201000

Valid moves for 2:
0, 5
1, 6
5, 1
6, 2
6, 3
7, 4

Player 2: 7, 4

After move by Player 2
00002221
10002220
10112121
12212111
12112111
11112111
11111000
12201000


Round: 48
00002221
10002220
10112121
12212111
12112111
11112111
11111000
12201000

Valid moves for 1:
0, 3
1, 5
5, 1
6, 3
6, 7
7, 3

Player 1: 7, 3

After move by Player 1
00011111
10001220
10112121
12212111
12112111
11112111
11111000
12201000


Round: 49
00011111
10001220
10112121
12212111
12112111
11112111
11111000
12201000

Valid moves for 2:
0, 5
1, 5
1, 6
1, 7
5, 1
6, 1
6, 2
6, 3

Player 2: 1, 7

After move by Player 2
00011111
10001220
10112121
12212111
12112211
11112121
11111002
12201000


Round: 50
00011111
10001220
10112121
12212111
12112211
11112121
11111002
12201000

Valid moves for 1:
0, 3
0, 7
1, 5
1, 6
5, 1
6, 3
6, 7

Player 1: 0, 3

After move by Player 1
00011111
10001220
10112121
12212111
12112211
11112121
11111002
11111000


Round: 51
00011111
10001220
10112121
12212111
12112211
11112121
11111002
11111000

Valid moves for 2:
0, 5
1, 5
1, 6
5, 1
6, 1
6, 2
6, 3
6, 7

Player 2: 6, 7

After move by Player 2
00011111
10001222
10112122
12212112
12112212
11112122
11111002
11111000


Round: 52
00011111
10001222
10112122
12212112
12112212
11112122
11111002
11111000

Valid moves for 1:
0, 7
1, 5
1, 6
5, 1
6, 3

Player 1: 0, 7

After move by Player 1
00011111
10001221
10112121
12212111
12112211
11112121
11111001
11111001


Round: 53
00011111
10001221
10112121
12212111
12112211
11112121
11111001
11111001

Valid moves for 2:
0, 5
1, 5
1, 6
5, 1
6, 1
6, 2
6, 3

Player 2: 6, 1

After move by Player 2
00011111
12001221
10212121
12222111
12112211
11112121
11111001
11111001


Round: 54
00011111
12001221
10212121
12222111
12112211
11112121
11111001
11111001

Valid moves for 1:
1, 5
1, 6
5, 1
6, 2
6, 3
7, 0
7, 2

Player 1: 7, 0

After move by Player 1
10011111
11001221
10112121
12212111
12111211
11112121
11111001
11111001


Round: 55
10011111
11001221
10112121
12212111
12111211
11112121
11111001
11111001

Valid moves for 2:
0, 5
1, 5
5, 1
6, 2
6, 3

Player 2: 0, 5

After move by Player 2
10011111
11001221
10112121
12212111
12211211
11122121
11112001
11111201


Round: 56
10011111
11001221
10112121
12212111
12211211
11122121
11112001
11111201

Valid moves for 1:
0, 6
1, 5
1, 6
5, 1
6, 3

Player 1: 5, 1

After move by Player 1
10011111
11001221
11112121
11112111
11211211
11122121
11112001
11111201


Round: 57
10011111
11001221
11112121
11112111
11211211
11122121
11112001
11111201

Valid moves for 2:
1, 5
6, 2
6, 3

Player 2: 6, 3

After move by Player 2
10011111
11022221
11122121
11122111
11221211
11122121
11112001
11111201


Round: 58
10011111
11022221
11122121
11122111
11221211
11122121
11112001
11111201

Valid moves for 1:
0, 6
1, 5
1, 6
6, 2
7, 2

Player 1: 6, 2

After move by Player 1
10011111
11111111
11112121
11121111
11221111
11122111
11112001
11111201


Round: 59
10011111
11111111
11112121
11121111
11221111
11122111
11112001
11111201

Valid moves for 2:
1, 6
7, 2

Player 2: 1, 6

After move by Player 2
10011111
11111111
11112121
11121121
11222121
11122221
11112021
11111201


Round: 60
10011111
11111111
11112121
11121121
11222121
11122221
11112021
11111201

Valid moves for 1:
0, 6
1, 5

Player 1: 0, 6

After move by Player 1
10011111
11111111
11112111
11121111
11222111
11122211
11112011
11111111


Round: 61
10011111
11111111
11112111
11121111
11222111
11122211
11112011
11111111

Valid moves for 2:
7, 2

Player 2: 7, 2

After move by Player 2
10211111
11221111
11212111
11221111
11222111
11122211
11112011
11111111


Round: 62
10211111
11221111
11212111
11221111
11222111
11122211
11112011
11111111

Valid moves for 1:
1, 5
7, 1

Player 1: 1, 5

After move by Player 1
10211111
11221111
11212111
11121111
11212111
11121111
11111111
11111111


Round: 63
10211111
11221111
11212111
11121111
11212111
11121111
11111111
11111111

Valid moves for 2:

Player 2 can't move

Round: 63
10211111
11221111
11212111
11121111
11212111
11121111
11111111
11111111

Valid moves for 1:
7, 1

Player 1: 7, 1

After move by Player 1
11111111
11121111
11212111
11121111
11212111
11121111
11111111
11111111


Round: 64
11111111
11121111
11212111
11121111
11212111
11121111
11111111
11111111

Valid moves for 2:

Player 2 can't move

Round: 64
11111111
11121111
11212111
11121111
11212111
11121111
11111111
11111111

Valid moves for 1:

Player 1 can't move

Black: 57
White: 7

